1 020983
6 0106792
11 0141758
16 0200183
21 0304109
26 0325183
31 0393942
36 0461825
41 0519467
46 0622925
51 0671541
56 0700208
61 0779817
66 0847942
71 0893567
76 0994275
81 0621685
86 0649205
91 0682795
96 0720215
101 0776715
106 0652728
111 0684540
116 0713628
121 0737728
126 0772824
131 0786248
136 0839388
141 0856060
146 0889392
151 0927812
156 0958308
161 0969352
166 01023456
171 01035524
176 01085280
181 01113156
186 01162080
191 01146132
196 01228184
201 01240808
206 01287020
211 01335352
216 01310520
221 01558599
226 01374712
231 01411324
236 01465672
241 01455872
246 01489540
251 01568084
256 01565560
261 01574472
266 01596112
271 01626076
276 01676724
281 01709868
286 01739332
291 01784324
296 01776668
301 01838200
306 01873488
311 01866684
316 01920308
321 01958212
326 01956232
331 02012148
336 02072016
341 02046772
346 02105768
351 02193108
356 02169512
361 02188880
366 02256724
371 02348544
376 02293520
381 02294240
386 02332428
391 02375936
396 02419308
401 02443052
406 02471464
411 02551588
416 02566012
421 02581804
426 02556780
431 02650988
436 02623136
441 02791176
446 02786188
451 02706728
456 02895600
461 02843000
466 02873708
471 02957112
476 02856344
481 03004396
486 02917112
491 03027956
496 03040140
501 03043280
506 03039900
511 03110336
516 03153468
521 03126572
526 03243804
531 03214408
536 03276012
541 03274532
546 03412308
551 03359164
556 03431376
561 03459656
566 03524884
571 03433136
576 03551868
581 03530768
586 03524580
591 03633148
596 03626204
601 03606208
606 03837016
611 03666352
616 03798152
621 03942396
626 03860592
631 03811244
636 03921900
641 03991912
646 03876448
651 14068504
656 04203344
661 04075932
666 04064976
671 04109272
676 04272132
681 04187896
686 04199696
691 04256464
696 04342540
701 04475076
706 04244308
711 04449196
716 04300000
721 04444001
726 04417300
731 04386596
736 04487276
741 04494148
746 04537864
751 04541461
756 04601320
761 04631812
766 04655924
771 04730504
776 04656188
781 04945512
786 04812320
791 04870828
796 04904680
801 04809460
806 04907340
811 04931420
816 04897060
821 04926160
826 05167172
831 05286971
836 05085924
841 05186252
846 05285552
851 05248380
856 05140092
861 05197176
866 05385640
871 05292888
876 05323456
881 05331436
886 05316612
891 05558932
896 05559996
901 05703720
906 05436204
911 05525544
916 05498652
921 05526552
926 05556452
931 05745036
936 05661060
941 05986208
946 05677324
951 05757740
956 05745516
961 05822052
966 06036908
971 05987920
976 05973180
981 06048412
986 06039047
991 06008488
996 05976240
